00100000100010110000000000001010
00000000000000000000000000000000
00000000000000000000000000000000
00000000000000000000000000000000
00101000100011000000000000110001
00000000000000000000000000000000
00000000000000000000000000000000
00000000000000000000000000000000
00110001000011010000000000001111
00000000000000000000000000000000
00000000000000000000000000000000
00000000000000000000000000000000
00110101000011100000000000001111
00000000000000000000000000000000
00000000000000000000000000000000
00000000000000000000000000000000
10101101001001010000000000000010
00000000000000000000000000000000
00000000000000000000000000000000
00000000000000000000000000000000
10001101001010100000000000000010
00000000000000000000000000000000
00000000000000000000000000000000
00000000000000000000000000000000
00010001010001010000000000000001
00000000000000000000000000000000
00000000000000000000000000000000
00000000000000000000000000000000
00100000011011110000000101000101
00000000000000000000000000000000
00000000000000000000000000000000
00000000000000000000000000000000
00100000010100000000000001001010
